,0,1,2,3,4,5,6,7,8,9,SUS score
0,4,1,5,1,5,1,5,2,4.181818182,1.727272727,91.14
1,4,1,5,1,5,1,5,1,4.181818182,1.727272727,93.64
2,3,1,5,2,5,1,5,1,4.181818182,1.727272727,88.64
3,3,2,4,2,3,2,3,2,4.181818182,1.727272727,68.64
4,5,1,5,2,5,1,5,1,4.181818182,1.727272727,93.64
5,5,1,4,1,4,1,4,1,4.181818182,1.727272727,88.64
6,4,3,4,1,4,3,4,4,4.181818182,1.727272727,68.64
7,4,3,4,1,3,2,3,2,4.181818182,1.727272727,71.14
8,4,1,5,1,4,1,5,1,4.181818182,1.727272727,91.14
9,4,2,4,3,4,2,5,2,4.181818182,1.727272727,76.14
10,4,1,5,1,5,1,5,1,4.181818182,1.727272727,93.64
11,5,1,5,1,5,5,5,1,4.181818182,1.727272727,86.14
12,4,1,5,1,5,1,5,1,4.181818182,1.727272727,93.64
13,3,2,3,4,4,2,5,1,4.181818182,1.727272727,71.14
14,5,1,5,1,4,1,5,5,4.181818182,1.727272727,83.64
15,4,1,5,1,5,1,5,1,4.181818182,1.727272727,93.64
16,4,2,4,1,5,1,4,1,4.181818182,1.727272727,86.14
17,3,2,4,1,5,2,5,1,4.181818182,1.727272727,83.64
18,4,1,5,1,4,1,5,1,4.181818182,1.727272727,91.14
19,2,1,5,2,5,1,5,1,4.181818182,1.727272727,86.14
20,3,1,5,1,4,2,5,1,4.181818182,1.727272727,86.14
21,2,4,4,3,4,2,4,2,4.181818182,1.727272727,63.64
22,4,1,5,1,5,1,5,1,4.181818182,1.727272727,93.64
23,4,1,4,1,4,1,5,1,4.0,1.0,90.0
24,3,1,4,1,5,5,5,2,5.0,1.0,80.0
25,4,2,4,2,4,1,4,1,4.0,4.0,75.0
26,5,2,4,1,5,1,5,2,3.0,1.0,87.5
27,4,1,4,1,5,1,5,2,5.0,1.0,92.5
28,5,2,5,1,5,1,4,2,4.0,2.0,87.5
29,4,1,5,1,4,1,5,1,5.0,1.0,95.0
30,3,1,4,3,4,1,4,2,4.0,1.0,77.5
31,4,1,4,1,5,1,5,1,4.0,1.0,92.5
32,3,1,5,1,4,1,4,1,4.0,4.0,80.0
33,4,1,5,1,5,1,5,1,4.0,2.0,92.5
