,0,1,2,3,4,5,6,7,8,9,SUS score
0,4,1,5,1,5,1,5,2,,,85.0
1,4,1,5,1,5,1,5,1,,,87.5
2,3,1,5,2,5,1,5,1,,,82.5
3,3,2,4,2,3,2,3,2,,,62.5
4,5,1,5,2,5,1,5,1,,,87.5
5,5,1,4,1,4,1,4,1,,,82.5
6,4,3,4,1,4,3,4,4,,,62.5
7,4,3,4,1,3,2,3,2,,,65.0
8,4,1,5,1,4,1,5,1,,,85.0
9,4,2,4,3,4,2,5,2,,,70.0
10,4,1,5,1,5,1,5,1,,,87.5
11,5,1,5,1,5,5,5,1,,,80.0
12,4,1,5,1,5,1,5,1,,,87.5
13,3,2,3,4,4,2,5,1,,,65.0
14,5,1,5,1,4,1,5,5,,,77.5
15,4,1,5,1,5,1,5,1,,,87.5
16,4,2,4,1,5,1,4,1,,,80.0
17,3,2,4,1,5,2,5,1,,,77.5
18,4,1,5,1,4,1,5,1,,,85.0
19,2,1,5,2,5,1,5,1,,,80.0
20,3,1,5,1,4,2,5,1,,,80.0
21,2,4,4,3,4,2,4,2,,,57.5
22,4,1,5,1,5,1,5,1,,,87.5
